20

10
New York Giants
Green Bay Packers
Indianapolis Colts
Washington Redskins
Minnesota Vikings
Atlanta Falcons
Cleveland Browns
San Fransisco 49ers
Buffalo Bills
Cincinnati Bengals
3 2 8 6 7 9 1 10 4 5
6 7 2 4 10 5 3 1 9 8
2 3 9 1 10 4 6 7 5 8
4 1 3 5 7 9 6 2 8 10
4 6 7 5 2 8 9 3 10 1
9 5 7 2 1 8 3 10 4 6
3 5 8 9 4 10 7 1 2 6
2 8 9 5 1 6 7 10 3 4
4 9 2 5 1 3 6 7 8 10
8 6 4 7 10 5 9 1 3 2
2 9 1 3 5 8 4 7 10 6
5 2 7 4 3 10 8 6 9 1
8 3 6 1 9 4 2 5 7 10
10 5 6 9 4 2 8 1 7 3
4 2 5 6 3 9 10 1 8 7
6 2 5 10 8 3 4 7 9 1
8 9 2 1 10 3 4 5 6 7
10 9 6 5 3 8 1 4 7 2
9 3 8 5 7 4 10 6 2 1
6 5 2 3 4 9 1 7 10 8
4 8 1 2 5 10 3 7 9 6
2 3 4 1 9 7 5 8 10 6
4 10 1 7 5 6 9 3 8 2
3 7 8 6 9 1 2 10 5 4
9 5 10 1 2 7 8 3 4 6
10 6 2 1 7 4 5 3 8 9
9 3 4 6 8 10 2 1 5 7
10 3 8 4 9 1 7 6 5 2
5 8 4 6 7 1 3 2 10 9
6 7 8 5 3 9 4 10 2 1
1 8 7 5 2 9 4 10 6 3
7 3 8 10 9 2 4 1 6 5
2 8 4 5 10 3 9 7 1 6
8 7 4 6 1 2 9 10 3 5
1 10 3 7 9 6 4 5 8 2
9 5 1 2 10 3 4 6 7 8
1 8 4 9 2 3 10 6 7 5
9 4 3 7 5 6 2 10 1 8
7 5 9 3 4 1 2 10 8 6
1 5 4 7 10 9 2 3 6 8
3 9 5 7 6 8 4 2 10 1
5 10 3 4 1 2 8 7 6 9
8 10 9 5 7 6 4 3 1 2
4 2 1 10 7 8 3 5 9 6
4 10 1 8 5 9 7 6 2 3
9 8 7 10 5 3 6 1 4 2
8 2 1 9 3 4 5 6 10 7
10 7 3 2 8 5 1 6 4 9
5 9 3 4 10 8 2 1 7 6
5 8 7 4 9 10 3 6 1 2

10
Baltimore Ravens
New York Jets
Houston Texans
Minnesota Vikings
Philadelphia Eagles
Kansas City Chiefs
San Fransisco 49ers
Cincinnati Bengals
Cleveland Browns
New Orleans Saints
3 2 7 4 10 8 1 5 9 6
3 2 4 10 5 1 7 9 8 6
2 10 5 4 1 3 7 9 8 6
10 2 4 7 6 3 5 1 8 9
7 3 9 5 2 10 4 6 8 1
9 6 1 8 4 2 7 5 10 3
10 8 9 5 2 3 7 1 4 6
10 5 8 4 2 9 1 7 6 3
5 8 7 10 3 1 2 4 9 6
5 2 4 7 1 9 3 8 10 6
4 2 1 7 10 8 6 9 5 3
9 6 1 3 4 10 7 8 5 2
9 8 10 3 6 7 2 1 5 4
3 8 1 5 7 9 4 6 2 10
5 10 8 7 9 3 1 4 2 6
10 3 2 4 6 9 5 1 8 7
2 7 6 1 3 9 4 5 10 8
7 6 1 3 4 10 8 5 9 2
1 10 7 4 6 8 9 5 3 2
6 3 5 2 8 4 1 10 9 7
7 3 2 9 6 1 10 5 8 4
6 4 7 1 5 8 10 9 2 3
3 10 1 2 4 9 6 8 5 7
4 6 1 8 10 9 5 2 3 7
4 8 6 7 3 5 10 9 1 2
5 9 10 4 1 7 6 3 8 2
6 1 7 4 5 2 9 3 8 10
4 10 2 5 3 7 8 1 6 9
1 5 10 6 9 7 3 8 4 2
10 1 4 6 8 9 5 2 7 3
2 7 1 4 9 10 5 8 6 3
4 5 3 7 9 10 6 2 1 8
9 2 10 1 6 4 7 8 3 5
4 1 10 2 9 6 5 3 7 8
4 7 6 3 1 2 5 8 10 9
5 3 6 8 9 2 10 1 7 4
1 7 4 9 3 10 6 8 5 2
4 7 2 1 3 10 6 9 5 8
4 10 3 1 9 8 2 5 7 6
5 2 10 3 8 7 1 6 4 9
7 6 5 4 10 9 1 8 2 3
4 8 7 9 3 1 5 6 2 10
9 6 5 8 3 10 1 7 2 4
4 2 9 8 6 7 10 1 5 3
5 8 9 2 7 3 1 10 6 4
9 7 3 2 10 5 4 1 6 8
9 2 5 8 7 4 6 1 10 3
9 5 3 2 4 6 8 7 10 1
5 1 6 3 10 7 9 4 2 8
4 6 7 5 2 1 8 10 3 9

10
Denver Broncos
Minnesota Vikings
Atlanta Falcons
Pittsburgh Steelers
Philadelphia Eagles
Dallas Cowboys
New Orleans Saints
Arizona Cardinals
Cincinnati Bengals
Baltimore Ravens
3 2 8 9 1 4 7 5 10 6
7 6 1 3 4 9 2 5 8 10
10 9 6 2 5 3 4 1 8 7
6 2 5 4 8 7 3 9 1 10
1 5 3 4 8 10 2 6 9 7
3 1 2 5 10 9 8 4 7 6
7 6 4 2 5 9 10 8 3 1
2 7 4 8 10 1 3 6 5 9
9 4 6 1 8 7 2 10 3 5
6 2 4 5 3 7 9 10 8 1
1 9 3 7 6 8 10 2 4 5
8 9 4 5 7 2 10 3 1 6
7 9 2 8 10 4 3 5 1 6
8 4 6 1 7 5 2 3 10 9
9 8 4 10 3 7 2 1 6 5
6 4 8 7 5 3 1 2 10 9
6 5 9 1 7 2 4 10 3 8
8 1 7 3 6 2 4 9 5 10
10 8 1 4 2 6 3 7 9 5
4 1 6 2 10 9 5 8 7 3
7 2 3 1 10 6 5 9 8 4
9 3 7 1 2 6 10 4 8 5
7 6 9 2 10 3 5 1 8 4
6 9 5 10 1 4 8 2 3 7
6 10 2 3 9 4 8 7 5 1
9 1 5 3 6 8 7 10 2 4
3 8 2 1 5 4 10 6 7 9
7 8 1 3 10 9 2 6 4 5
2 10 4 8 5 9 1 7 3 6
9 2 4 7 8 3 5 6 10 1
8 7 6 2 3 5 10 9 4 1
9 7 10 3 1 6 8 5 2 4
1 8 4 7 6 3 5 2 10 9
1 4 5 2 7 9 6 8 3 10
1 8 9 3 5 2 6 4 10 7
6 7 3 1 2 5 9 8 10 4
9 1 5 4 10 2 8 3 6 7
2 1 7 5 9 8 6 10 4 3
5 1 6 10 3 9 2 7 8 4
5 9 2 4 10 8 3 7 6 1
2 9 3 8 4 5 10 1 6 7
3 6 10 9 5 8 4 7 1 2
6 2 10 5 7 9 1 8 4 3
1 4 10 5 6 2 7 8 3 9
5 9 3 8 7 2 10 4 1 6
9 10 2 7 1 5 4 6 8 3
10 7 8 1 5 2 9 3 6 4
5 6 8 1 9 2 4 10 7 3
10 7 9 8 3 1 2 5 6 4
9 7 6 10 4 3 5 2 1 8

10
Philadelphia Eagles
Indianapolis Colts
Minnesota Vikings
San Diego Chargers
St. Louis Rams
Pittsburgh Steelers
Miami Dolphins
Tennessee Titans
Chicago Bears
Jacksonville Jaguars
9 6 1 5 3 4 7 2 8 10
6 10 5 3 1 8 7 9 4 2
8 3 2 7 10 1 9 5 4 6
1 7 8 4 9 5 10 3 2 6
3 10 5 2 4 8 9 6 7 1
7 8 6 10 3 5 1 4 2 9
9 3 10 8 1 2 5 4 7 6
10 9 3 1 7 8 2 6 4 5
9 10 6 8 1 4 3 2 7 5
1 10 2 8 3 7 9 4 5 6
5 4 1 8 7 6 9 3 2 10
2 7 8 4 6 5 10 1 3 9
3 9 6 5 7 10 1 8 2 4
10 1 8 6 5 2 7 9 4 3
2 8 9 7 1 3 6 4 5 10
9 4 2 7 10 6 1 8 3 5
10 2 8 7 1 3 6 5 4 9
1 2 6 10 9 5 4 3 7 8
3 5 10 6 1 4 9 7 2 8
9 10 7 1 8 2 6 5 4 3
9 8 6 5 10 4 7 1 3 2
10 9 4 6 7 1 2 8 5 3
3 6 4 8 5 2 9 7 10 1
10 6 2 1 3 9 4 5 7 8
3 7 9 2 6 10 8 5 1 4
9 1 5 3 6 10 2 8 4 7
8 7 3 5 2 1 6 10 4 9
4 2 9 8 5 6 7 3 10 1
4 3 7 5 10 8 9 6 1 2
5 1 7 6 10 4 2 8 9 3
6 4 8 10 7 5 3 2 9 1
7 2 9 3 8 10 4 1 6 5
8 9 10 5 1 6 2 7 4 3
7 1 6 2 4 9 3 5 10 8
1 2 8 3 10 9 6 7 4 5
10 2 8 3 7 6 5 4 1 9
4 3 10 1 9 8 5 7 6 2
8 5 9 2 3 4 1 7 6 10
7 9 6 10 3 5 8 4 1 2
5 4 2 1 6 10 7 9 3 8
1 10 3 6 8 2 4 5 9 7
6 10 8 2 5 9 1 4 7 3
8 4 9 7 1 2 6 3 5 10
4 3 2 5 6 1 8 9 7 10
10 2 8 4 9 1 6 5 3 7
2 8 3 6 10 1 9 4 7 5
9 1 5 8 7 6 4 2 10 3
2 8 4 3 1 7 5 6 10 9
9 8 5 7 10 3 6 2 1 4
8 10 3 5 2 7 1 6 9 4

10
Oakland Raiders
Dallas Cowboys
Tampa Bay Buccaneers
New York Giants
Seattle Seahawks
Detriot Lions
Pittsburgh Steelers
Indianapolis Colts
Jacksonville Jaguars
Arizona Cardinals
8 2 7 9 4 5 6 10 1 3
1 9 5 6 8 4 7 3 2 10
7 2 1 6 10 3 8 4 5 9
2 6 8 4 7 9 1 5 3 10
10 6 4 5 1 8 3 2 9 7
8 2 9 7 3 6 1 4 10 5
5 9 3 4 8 10 1 7 2 6
1 5 8 6 10 4 3 2 7 9
7 1 4 10 9 2 6 5 8 3
3 2 10 6 7 5 8 1 4 9
8 7 3 4 6 1 10 2 5 9
9 3 7 1 4 6 5 10 8 2
3 10 5 9 4 7 1 8 2 6
10 7 6 2 5 1 8 3 4 9
6 10 7 5 3 2 8 4 1 9
7 5 6 2 1 9 8 10 4 3
8 1 4 3 6 2 5 10 7 9
7 6 2 9 1 3 10 4 5 8
1 4 6 5 9 3 2 10 8 7
4 6 3 2 9 8 1 10 7 5
2 6 8 7 10 3 1 9 4 5
4 1 5 2 6 8 10 9 3 7
4 1 8 9 2 7 3 6 5 10
1 3 10 9 4 5 8 6 2 7
10 6 2 1 5 9 4 8 7 3
10 9 5 7 2 4 3 6 1 8
5 8 4 6 2 7 9 10 3 1
7 10 2 5 3 1 9 4 8 6
7 8 4 2 6 10 9 5 1 3
4 7 10 1 8 2 6 3 9 5
5 2 8 10 7 9 6 3 4 1
9 3 10 4 2 8 5 1 7 6
3 7 9 2 8 4 1 10 5 6
5 4 9 3 7 10 1 6 2 8
10 3 4 7 5 2 8 1 9 6
10 2 4 8 3 7 6 9 1 5
4 5 7 6 1 9 10 3 2 8
5 9 6 3 2 4 8 7 10 1
5 6 3 4 8 10 7 9 2 1
4 7 6 9 10 3 1 2 8 5
9 4 5 6 10 1 7 3 2 8
9 2 4 6 1 10 5 8 3 7
2 3 7 1 9 4 10 8 5 6
2 7 8 6 3 9 4 5 10 1
5 2 1 9 7 3 6 8 4 10
4 9 1 8 2 7 10 6 5 3
1 5 8 2 6 10 7 9 4 3
5 8 1 9 2 6 3 7 4 10
8 10 2 4 5 6 7 3 9 1
4 1 3 9 6 8 2 5 10 7

10
New York Giants
St. Louis Rams
New York Jets
Denver Broncos
Seattle Seahawks
Buffalo Bills
Atlanta Falcons
San Diego Chargers
Minnesota Vikings
New Orleans Saints
7 6 3 10 8 9 4 1 2 5
7 8 9 2 4 6 3 5 10 1
4 3 9 10 7 6 2 1 8 5
5 7 4 6 10 3 2 9 1 8
5 1 7 10 6 3 4 2 9 8
4 8 5 7 1 2 9 6 10 3
10 2 6 7 9 5 4 8 3 1
10 7 8 2 9 4 3 1 6 5
7 6 1 4 10 2 3 5 9 8
8 7 2 5 9 3 10 1 4 6
10 6 1 8 3 7 9 5 4 2
3 1 7 8 2 4 5 6 9 10
3 4 7 1 10 6 2 8 9 5
10 6 9 7 5 4 8 2 1 3
2 9 8 10 3 7 6 4 1 5
5 7 1 10 6 4 2 3 9 8
4 6 3 2 9 7 10 8 5 1
7 3 9 1 2 5 4 10 6 8
9 8 4 2 1 6 10 5 7 3
5 3 6 7 9 4 1 2 10 8
10 8 2 9 6 4 5 3 7 1
2 6 10 3 4 5 8 1 7 9
2 7 6 10 3 4 9 1 8 5
4 5 8 10 9 3 6 2 1 7
3 1 2 8 9 7 4 5 6 10
7 4 5 1 8 9 3 2 10 6
10 5 1 2 4 8 9 6 7 3
4 1 8 6 5 3 10 7 2 9
5 3 2 9 4 7 6 8 1 10
5 6 10 9 4 2 1 7 8 3
5 1 4 2 6 3 10 7 8 9
4 6 5 8 3 2 10 7 9 1
10 2 5 8 1 4 6 7 9 3
10 2 4 7 5 6 1 3 9 8
8 9 10 1 6 2 7 3 5 4
9 5 2 8 1 10 3 4 6 7
7 9 3 6 1 2 10 5 4 8
7 4 6 9 8 5 3 1 10 2
7 10 2 6 8 4 5 1 3 9
9 10 7 3 1 5 2 8 4 6
9 10 3 8 5 1 2 6 7 4
4 7 2 6 3 9 5 10 1 8
3 7 9 4 10 5 6 1 8 2
2 3 6 5 10 4 8 7 1 9
4 6 9 1 10 8 2 3 7 5
3 10 4 2 7 5 1 6 8 9
10 6 3 5 9 2 8 1 4 7
5 6 7 2 8 10 3 4 1 9
4 7 6 10 3 9 1 5 8 2
1 8 9 4 7 2 6 10 5 3

10
Green Bay Packers
St. Louis Rams
Arizona Cardinals
Kansas City Chiefs
Seattle Seahawks
San Fransisco 49ers
New England Patriots
Miami Dolphins
New Orleans Saints
San Diego Chargers
10 3 2 8 4 7 9 1 6 5
1 8 2 6 5 10 7 9 4 3
5 3 6 10 1 9 4 7 2 8
1 7 8 5 2 3 6 4 9 10
1 10 2 3 8 5 7 6 9 4
7 8 3 10 2 1 6 4 5 9
6 1 7 2 5 3 9 10 4 8
2 5 1 3 7 4 10 9 6 8
4 3 5 2 10 9 1 6 8 7
2 5 6 3 7 8 1 4 9 10
1 7 8 6 5 10 9 2 4 3
2 6 3 5 8 1 10 4 7 9
4 2 10 7 8 1 6 9 3 5
3 1 9 4 8 7 10 5 2 6
7 5 6 2 4 9 10 3 1 8
5 8 7 4 10 9 2 3 1 6
5 1 4 8 9 7 2 6 3 10
1 4 8 7 3 6 2 9 5 10
3 8 6 1 10 5 9 4 2 7
5 9 10 8 3 6 2 4 7 1
1 10 6 7 4 8 9 3 2 5
5 10 7 2 9 1 3 6 8 4
4 8 7 2 3 1 5 9 6 10
1 8 5 6 9 4 3 7 10 2
7 2 1 6 9 4 10 5 8 3
1 3 10 9 4 2 8 6 7 5
10 9 2 3 5 7 1 4 8 6
1 9 6 4 8 3 10 2 5 7
10 7 5 9 4 8 6 1 2 3
9 4 10 5 1 6 3 8 2 7
8 3 7 5 10 2 4 9 6 1
6 5 2 1 4 8 3 10 7 9
5 7 6 10 2 1 4 3 8 9
10 3 6 2 1 9 5 8 4 7
8 5 7 10 1 3 6 4 9 2
1 4 10 6 7 8 5 2 3 9
7 9 1 8 10 5 6 4 3 2
1 5 7 3 2 10 9 4 8 6
5 2 10 3 4 9 8 1 7 6
3 5 6 7 9 1 10 4 8 2
5 2 10 3 8 1 6 4 9 7
1 5 6 2 10 4 9 7 8 3
1 8 9 4 5 7 6 2 10 3
2 8 4 3 7 5 10 1 9 6
8 2 4 9 3 6 1 5 7 10
5 4 6 2 3 8 1 10 7 9
3 4 1 2 9 10 6 5 8 7
2 10 8 3 6 7 5 9 1 4
1 5 2 6 10 7 8 4 9 3
8 4 7 2 9 6 5 10 3 1

10
St. Louis Rams
Miami Dolphins
Arizona Cardinals
Washington Redskins
New England Patriots
Cincinnati Bengals
Minnesota Vikings
Dallas Cowboys
Pittsburgh Steelers
New York Giants
4 9 2 8 1 5 6 10 3 7
6 2 7 3 4 1 8 10 5 9
8 3 7 1 4 2 6 10 5 9
4 5 3 9 7 10 2 8 1 6
10 6 9 5 4 7 8 3 2 1
4 1 8 6 10 9 7 3 2 5
7 3 1 8 10 9 4 6 2 5
5 10 9 8 6 3 1 2 7 4
10 9 7 5 4 1 3 2 6 8
4 5 6 10 9 1 7 3 8 2
3 5 4 1 10 6 9 8 2 7
8 4 3 1 7 5 10 9 2 6
3 5 1 2 10 8 7 6 9 4
10 3 9 7 4 6 5 8 1 2
10 6 9 5 2 8 3 7 1 4
9 4 6 1 2 7 5 3 8 10
5 7 2 8 6 3 4 9 10 1
10 6 9 4 2 3 5 1 7 8
5 7 3 9 2 6 8 1 4 10
6 2 5 8 10 1 7 3 9 4
9 7 10 4 1 2 3 6 5 8
3 7 8 10 9 6 4 2 1 5
6 3 7 9 4 10 2 8 5 1
5 2 8 3 7 4 1 10 9 6
10 3 8 6 7 9 2 5 4 1
10 1 4 6 7 3 5 8 2 9
8 9 5 3 4 10 2 7 6 1
7 10 3 6 1 8 9 2 5 4
2 10 4 1 6 8 3 5 9 7
8 10 7 1 5 3 9 6 4 2
3 10 5 9 7 4 6 8 2 1
5 8 6 3 9 10 7 4 1 2
1 7 10 3 4 5 6 2 9 8
6 9 2 5 8 3 7 4 10 1
2 3 4 7 5 6 1 10 8 9
1 7 10 2 5 4 9 6 8 3
6 8 5 1 3 10 9 4 7 2
8 5 1 10 4 6 7 2 3 9
8 7 5 2 6 1 9 10 4 3
10 3 4 7 1 2 5 9 6 8
7 4 2 8 5 6 1 3 10 9
10 4 9 6 3 5 1 2 8 7
6 4 5 7 2 8 3 1 10 9
7 2 4 1 8 5 3 6 9 10
3 2 1 7 9 4 8 6 5 10
5 9 6 3 7 1 8 2 4 10
5 7 3 10 1 9 8 4 6 2
6 9 5 4 10 8 3 2 7 1
1 3 8 6 9 5 10 2 7 4
5 1 8 7 3 4 2 9 10 6

10
Baltimore Ravens
Detriot Lions
Pittsburgh Steelers
New York Giants
Dallas Cowboys
Seattle Seahawks
Denver Broncos
Washington Redskins
Philadelphia Eagles
Houston Texans
4 3 1 10 2 5 6 7 8 9
1 6 2 9 3 5 10 8 7 4
1 6 10 5 2 8 3 9 4 7
2 10 4 6 5 3 7 1 9 8
10 6 1 4 3 9 8 5 7 2
1 9 4 2 7 5 6 8 3 10
2 7 3 8 6 5 10 1 4 9
6 10 7 3 9 2 8 5 4 1
5 4 3 1 6 10 7 2 9 8
10 5 3 6 8 1 9 4 7 2
2 1 9 10 5 7 6 3 8 4
5 7 1 2 4 8 6 10 3 9
10 2 9 1 6 3 7 8 5 4
3 7 2 1 9 5 6 10 4 8
2 1 10 8 7 6 3 4 5 9
7 9 2 4 1 8 6 3 5 10
8 9 5 7 10 1 4 2 6 3
9 5 4 8 3 7 1 10 2 6
8 3 2 4 1 10 5 6 7 9
9 6 5 10 7 3 2 1 8 4
8 5 7 9 6 4 3 1 2 10
2 8 7 4 3 6 10 1 5 9
7 9 4 3 1 2 6 5 10 8
1 8 6 4 9 3 2 10 5 7
8 7 4 10 2 6 1 3 9 5
6 1 10 9 5 2 3 8 4 7
3 4 2 5 1 8 9 10 7 6
1 10 4 7 5 8 2 6 3 9
7 1 2 9 8 6 3 10 5 4
6 1 4 8 7 9 2 3 10 5
8 2 10 7 5 3 1 6 9 4
9 6 10 2 5 1 7 8 3 4
8 10 2 5 9 7 4 1 6 3
6 2 5 3 7 4 9 1 8 10
4 2 3 9 7 1 10 8 6 5
8 7 4 5 3 10 6 1 9 2
7 10 2 5 9 1 8 6 3 4
4 7 9 6 8 10 5 2 1 3
6 4 1 10 3 9 8 5 2 7
3 8 7 5 4 10 9 1 2 6
6 4 7 3 1 2 9 8 5 10
3 2 4 5 8 7 1 6 10 9
9 1 8 3 4 2 6 10 5 7
5 10 2 1 3 8 9 6 7 4
8 4 5 6 7 1 9 10 3 2
4 8 9 3 6 2 10 7 5 1
6 8 10 7 4 9 1 2 3 5
8 5 9 7 10 3 1 2 6 4
7 8 3 1 9 5 4 10 2 6
9 4 6 3 10 7 1 5 8 2

10
Denver Broncos
Seattle Seahawks
St. Louis Rams
Jacksonville Jaguars
Buffalo Bills
Detriot Lions
New Orleans Saints
Baltimore Ravens
Oakland Raiders
Houston Texans
1 7 9 2 5 8 10 6 4 3
6 9 10 7 5 1 3 8 4 2
6 8 7 1 5 2 4 9 3 10
2 8 5 6 1 10 4 7 9 3
2 9 8 4 6 10 1 3 5 7
10 3 5 9 1 8 6 4 7 2
3 6 9 8 4 5 10 1 7 2
1 5 7 6 3 8 9 2 10 4
9 7 4 2 1 6 10 5 8 3
1 7 8 2 5 10 3 9 6 4
10 1 8 7 2 4 5 3 9 6
10 5 6 3 8 9 2 1 7 4
2 9 5 3 10 6 7 4 8 1
2 10 9 3 8 1 6 5 4 7
8 2 9 10 1 4 7 5 6 3
1 5 8 9 4 7 2 6 10 3
6 4 8 10 2 7 1 5 3 9
2 10 3 6 4 8 5 7 9 1
6 3 8 9 5 4 7 2 10 1
9 8 7 6 4 2 1 3 10 5
10 1 2 6 3 7 9 4 8 5
7 2 8 3 10 5 9 6 1 4
9 3 7 2 6 10 1 8 4 5
4 6 7 8 10 9 1 5 2 3
5 7 6 10 9 2 3 8 4 1
9 8 7 5 2 1 3 10 4 6
5 9 3 8 1 7 6 2 4 10
5 9 3 7 10 2 4 8 1 6
2 10 5 3 1 9 6 4 7 8
3 1 8 7 10 4 5 2 6 9
6 10 8 3 2 1 5 9 7 4
9 7 5 2 3 6 10 8 1 4
2 6 4 3 1 8 5 9 10 7
6 4 1 7 9 10 5 2 3 8
4 6 10 3 8 5 9 7 1 2
9 7 8 1 10 5 2 4 6 3
6 3 5 4 10 9 2 1 8 7
2 1 9 10 5 3 7 8 4 6
7 8 1 4 10 2 6 9 3 5
6 7 3 10 2 8 1 5 4 9
3 5 1 6 7 4 8 9 2 10
4 1 2 10 3 8 6 7 5 9
10 5 6 2 8 1 4 3 9 7
2 9 7 10 1 3 6 5 4 8
5 4 7 2 1 3 8 9 6 10
8 9 3 4 10 2 6 1 7 5
5 2 7 3 6 8 1 10 9 4
10 2 8 7 1 3 6 9 4 5
3 8 1 9 10 4 2 7 5 6
1 9 5 7 6 3 4 2 8 10

10
Cincinnati Bengals
Oakland Raiders
Chicago Bears
Denver Broncos
St. Louis Rams
Pittsburgh Steelers
Detriot Lions
Houston Texans
Green Bay Packers
Tennessee Titans
8 1 10 6 4 5 3 9 2 7
2 4 9 8 10 1 7 5 6 3
8 6 7 4 1 5 9 10 3 2
4 8 7 5 2 10 6 3 9 1
5 3 1 9 7 10 8 4 6 2
6 7 3 9 4 5 1 8 2 10
2 7 1 3 5 6 4 10 9 8
2 8 6 5 9 3 7 10 4 1
8 5 1 4 3 2 6 10 9 7
1 8 9 10 6 3 2 5 4 7
3 2 5 6 10 9 1 8 7 4
2 8 9 4 6 10 7 5 1 3
10 9 5 8 6 7 2 3 1 4
10 4 6 9 8 1 7 5 2 3
10 3 6 5 2 9 7 1 8 4
4 6 10 3 7 2 5 1 9 8
5 7 6 4 3 1 10 2 9 8
3 9 7 8 10 2 1 6 4 5
8 10 2 1 7 6 5 4 9 3
6 7 10 5 3 4 8 1 2 9
2 9 1 10 3 6 8 7 5 4
3 6 4 8 7 10 1 5 2 9
3 8 5 9 1 2 7 6 10 4
8 3 6 10 1 5 9 7 2 4
7 8 3 4 2 9 5 6 1 10
4 5 6 7 3 8 1 9 2 10
1 5 7 4 2 8 3 6 9 10
1 4 2 6 7 5 10 3 9 8
7 9 3 1 4 6 8 5 10 2
10 8 4 5 2 9 7 1 6 3
2 3 8 6 4 10 5 7 1 9
2 9 5 1 6 7 8 4 10 3
1 10 5 2 8 6 9 3 4 7
10 7 1 3 6 5 9 4 2 8
5 7 4 1 10 9 8 6 3 2
8 4 1 5 2 7 3 6 9 10
3 10 9 6 5 8 4 1 7 2
10 2 4 3 8 6 1 7 5 9
1 5 10 6 9 8 3 2 4 7
1 6 5 4 10 8 9 3 7 2
3 10 2 7 6 1 4 5 8 9
1 4 6 9 3 5 10 8 7 2
10 6 9 5 1 4 2 8 3 7
4 3 2 6 9 8 7 10 5 1
1 9 7 8 10 3 5 4 6 2
7 6 2 1 8 9 10 3 5 4
1 2 8 5 7 6 10 3 4 9
4 7 2 5 8 3 6 9 10 1
10 2 7 6 4 1 9 3 8 5
9 5 6 4 10 8 3 7 1 2

10
Miami Dolphins
Kansas City Chiefs
New York Giants
Jacksonville Jaguars
Seattle Seahawks
Pittsburgh Steelers
San Diego Chargers
Washington Redskins
Minnesota Vikings
Denver Broncos
10 5 7 9 1 2 8 6 3 4
10 7 1 3 5 4 9 6 2 8
6 7 9 5 1 8 4 3 10 2
8 9 10 5 7 6 3 1 2 4
6 10 5 4 3 7 8 1 9 2
1 4 2 10 8 6 7 5 9 3
9 4 7 8 10 1 2 3 6 5
8 6 9 1 3 5 4 10 2 7
3 9 10 5 6 7 2 8 4 1
6 7 1 5 4 2 8 10 3 9
8 7 5 9 4 10 3 6 2 1
3 8 9 4 1 6 2 10 7 5
8 3 7 6 9 1 10 4 2 5
10 3 2 9 1 7 5 6 4 8
8 9 2 3 7 6 10 5 4 1
1 4 3 5 6 2 9 8 7 10
9 6 3 5 8 1 10 7 4 2
10 4 9 8 2 1 6 5 7 3
9 5 10 7 2 1 4 8 6 3
4 6 3 9 1 7 10 8 5 2
7 2 8 1 5 4 6 9 10 3
9 8 6 3 1 10 2 5 7 4
10 3 8 5 2 9 7 1 6 4
10 5 3 7 8 9 2 1 4 6
1 4 8 7 3 2 5 6 9 10
6 5 10 9 3 2 4 7 1 8
6 4 5 2 7 9 10 1 3 8
5 4 3 9 2 1 10 7 6 8
3 9 2 6 10 5 8 7 1 4
10 9 8 1 6 2 3 7 4 5
8 9 4 1 6 2 5 7 3 10
2 5 3 9 1 6 10 4 8 7
6 10 7 1 5 3 4 8 9 2
7 5 2 1 4 8 10 3 6 9
8 2 5 9 1 4 3 10 7 6
1 6 4 5 7 3 2 9 8 10
5 2 8 10 1 6 7 9 3 4
1 2 3 7 8 4 10 5 6 9
1 8 3 10 9 4 7 5 6 2
6 1 5 9 10 7 2 3 8 4
1 2 3 10 4 9 6 7 8 5
2 9 8 6 7 1 3 4 10 5
6 10 2 7 8 3 1 9 5 4
6 5 10 1 7 8 9 3 4 2
10 6 9 8 1 7 4 5 2 3
1 2 7 6 5 9 8 3 4 10
7 5 6 10 1 9 3 2 8 4
5 8 4 1 10 3 6 9 7 2
6 3 10 7 8 4 2 1 9 5
7 2 1 10 5 6 8 9 4 3

10
New Orleans Saints
Tennessee Titans
San Diego Chargers
Philadelphia Eagles
New York Giants
Arizona Cardinals
Chicago Bears
Kansas City Chiefs
Seattle Seahawks
Buffalo Bills
9 5 2 10 6 8 1 3 4 7
6 4 8 5 1 3 7 10 9 2
6 5 4 8 7 9 10 2 3 1
4 5 6 8 9 2 7 3 10 1
7 6 1 5 8 2 4 3 10 9
8 9 4 5 6 7 3 10 1 2
7 5 8 6 3 1 4 9 2 10
10 3 6 1 2 9 8 4 7 5
4 5 9 3 8 1 2 7 10 6
10 4 2 6 1 8 3 7 9 5
1 2 5 4 7 10 3 6 9 8
10 2 1 3 7 6 4 9 8 5
8 2 5 10 9 6 4 3 1 7
3 9 4 6 10 1 8 7 5 2
7 9 2 3 8 10 5 1 6 4
6 3 7 2 5 1 4 10 9 8
9 3 5 1 7 8 10 2 4 6
7 1 2 6 4 8 5 9 10 3
1 2 8 9 4 6 5 3 7 10
3 5 4 2 8 1 9 10 7 6
3 7 5 8 2 1 9 10 6 4
5 8 10 7 9 6 2 4 3 1
4 10 1 2 3 9 6 5 7 8
9 3 7 8 1 5 4 10 6 2
5 10 2 9 1 8 3 6 7 4
1 3 6 7 5 4 10 8 9 2
3 10 8 5 9 1 2 6 4 7
9 10 5 6 3 2 7 8 4 1
8 1 7 9 5 4 3 10 2 6
4 5 2 6 8 7 10 3 9 1
8 2 5 4 10 6 7 1 9 3
10 1 4 8 7 9 6 3 2 5
3 6 4 8 1 7 5 2 9 10
9 6 4 3 10 5 2 1 7 8
9 2 10 1 3 4 7 5 6 8
5 4 7 9 2 3 6 8 10 1
1 5 7 9 10 8 2 6 3 4
4 1 7 6 10 8 5 9 3 2
9 2 8 1 6 7 3 5 4 10
8 4 10 7 2 3 1 9 5 6
5 10 9 2 1 6 8 7 3 4
10 6 5 7 8 1 4 2 3 9
2 8 9 6 10 1 7 5 3 4
9 3 2 10 7 6 5 4 8 1
4 5 1 8 7 9 2 6 10 3
8 10 9 4 5 1 3 2 6 7
3 2 1 6 7 9 10 5 4 8
10 8 2 4 1 5 9 7 3 6
1 7 8 10 4 6 5 9 3 2
2 4 6 1 8 3 9 10 7 5

10
Green Bay Packers
New York Jets
Cincinnati Bengals
Chicago Bears
Oakland Raiders
Tampa Bay Buccaneers
Washington Redskins
St. Louis Rams
San Fransisco 49ers
Houston Texans
7 1 8 2 4 9 6 10 3 5
3 6 4 2 5 10 1 9 7 8
1 10 5 2 7 8 4 6 9 3
7 5 10 8 2 4 9 6 1 3
1 9 7 2 8 6 4 10 3 5
2 4 6 8 9 1 3 10 5 7
8 10 4 7 2 9 1 5 6 3
3 4 10 9 1 7 2 6 8 5
8 3 4 9 6 2 7 10 1 5
3 5 8 6 4 2 7 10 9 1
3 9 2 1 7 4 6 10 5 8
9 8 2 3 6 1 5 10 4 7
9 7 8 5 6 2 1 4 3 10
10 2 5 3 6 8 7 4 9 1
5 8 2 4 10 9 6 1 7 3
9 2 3 7 4 8 6 10 5 1
5 4 6 3 1 7 9 8 2 10
2 10 3 9 8 5 1 6 4 7
3 5 1 6 4 8 10 7 2 9
4 3 6 1 8 9 5 10 7 2
6 2 5 10 7 9 1 4 8 3
2 3 8 4 6 5 9 10 7 1
3 1 5 9 6 7 2 4 8 10
5 9 7 2 3 6 1 8 10 4
8 2 5 7 1 9 10 3 6 4
5 3 9 7 8 1 6 10 4 2
7 6 9 5 4 3 10 2 8 1
4 2 1 5 9 8 10 7 6 3
4 10 5 9 6 7 2 3 8 1
8 4 5 6 3 9 2 10 7 1
8 1 4 9 6 3 10 7 2 5
7 9 5 6 3 1 8 2 10 4
5 9 1 7 8 10 3 6 4 2
6 4 3 10 5 8 2 1 7 9
5 9 7 6 2 10 4 8 3 1
6 5 2 10 7 9 3 1 8 4
10 3 7 1 4 9 2 8 6 5
7 10 6 5 2 8 4 9 1 3
2 7 3 5 6 4 10 9 8 1
1 5 10 8 4 2 7 9 6 3
5 7 3 1 9 10 2 8 4 6
5 10 9 1 7 4 2 6 3 8
10 4 7 2 8 6 9 1 5 3
8 2 3 7 5 9 4 1 6 10
4 5 7 6 2 10 1 3 8 9
9 6 10 1 7 5 2 3 4 8
10 5 3 4 8 2 9 6 7 1
7 1 10 9 5 2 8 4 6 3
7 3 2 5 6 10 9 8 4 1
3 10 7 8 4 5 9 1 6 2

10
New Orleans Saints
Detriot Lions
St. Louis Rams
Seattle Seahawks
Baltimore Ravens
Arizona Cardinals
Chicago Bears
Cleveland Browns
Atlanta Falcons
Houston Texans
4 2 9 10 7 1 5 3 6 8
6 3 10 1 4 2 8 5 9 7
1 5 8 6 2 9 4 7 10 3
2 1 4 8 7 10 5 3 6 9
7 4 8 9 3 2 10 1 5 6
1 6 10 7 5 9 3 8 4 2
4 9 7 2 10 8 5 6 3 1
2 6 4 1 5 10 3 8 9 7
4 3 8 10 1 2 5 7 6 9
6 10 1 5 9 7 3 2 4 8
8 7 10 6 5 2 1 4 9 3
6 7 4 8 10 1 2 3 5 9
8 9 6 3 10 2 4 5 1 7
10 6 4 5 7 9 8 3 2 1
2 3 8 4 9 6 5 10 1 7
6 10 3 8 5 4 1 2 9 7
5 4 10 6 8 9 3 7 1 2
4 9 8 7 10 1 5 3 6 2
10 6 4 1 5 2 3 8 7 9
4 1 2 5 7 8 3 10 6 9
8 2 5 3 9 4 10 7 1 6
2 8 3 1 7 6 10 4 5 9
8 10 9 5 1 3 7 2 6 4
5 6 2 10 3 8 9 1 7 4
4 7 3 2 5 10 9 6 1 8
4 2 3 5 1 10 7 8 9 6
10 8 1 7 5 6 3 2 9 4
1 4 6 7 10 9 8 5 3 2
6 5 10 1 8 2 4 9 3 7
6 5 8 1 10 7 2 9 4 3
10 4 1 7 8 3 6 2 9 5
3 10 1 8 5 9 2 4 6 7
9 8 4 2 1 5 6 10 3 7
8 2 7 1 4 9 5 3 6 10
8 6 5 9 7 1 4 2 10 3
2 7 6 3 5 1 10 9 4 8
1 2 6 7 10 4 9 5 3 8
3 5 7 9 8 10 6 4 1 2
8 9 2 3 10 5 1 7 4 6
9 7 4 6 5 1 10 2 3 8
8 4 10 2 6 1 9 3 5 7
8 9 7 10 1 5 4 6 3 2
1 5 2 3 10 4 9 6 7 8
5 4 10 3 6 2 7 1 8 9
5 7 6 8 4 10 3 9 2 1
2 1 8 10 7 3 5 9 6 4
7 4 3 5 8 1 10 9 2 6
2 4 1 10 8 6 3 7 9 5
8 6 5 10 3 4 9 2 7 1
3 4 5 8 9 7 2 10 1 6

10
Tennessee Titans
New York Giants
Arizona Cardinals
Oakland Raiders
Pittsburgh Steelers
Detriot Lions
New Orleans Saints
Dallas Cowboys
Green Bay Packers
Houston Texans
1 8 3 9 6 2 4 5 7 10
7 9 3 1 5 2 4 8 10 6
5 10 7 4 3 8 2 1 6 9
1 4 6 9 8 5 2 3 10 7
10 3 2 5 6 9 4 7 1 8
8 6 3 9 2 1 10 5 4 7
6 3 5 4 7 1 2 8 10 9
6 5 1 9 3 7 2 8 4 10
10 6 5 4 9 2 1 3 8 7
5 7 3 4 10 9 1 6 2 8
9 10 7 2 1 6 5 8 4 3
3 6 7 8 2 1 4 10 5 9
8 7 9 3 6 1 2 5 10 4
10 1 6 2 8 4 3 5 9 7
6 10 7 8 1 4 2 3 9 5
7 10 2 3 4 6 5 8 9 1
6 9 5 10 1 2 7 4 3 8
4 9 5 10 3 2 6 8 1 7
5 6 2 10 3 9 7 1 4 8
8 3 6 4 10 5 1 9 7 2
3 6 7 10 2 1 9 5 4 8
1 6 9 7 3 5 10 2 8 4
9 2 1 3 5 8 4 7 10 6
8 3 6 10 7 9 1 2 5 4
5 6 7 8 3 9 10 2 1 4
5 2 6 7 3 4 9 1 10 8
2 7 3 10 4 9 5 8 6 1
1 10 7 6 5 2 3 4 8 9
2 1 4 6 9 5 3 8 10 7
10 4 5 9 3 1 2 6 7 8
7 2 6 10 4 9 1 3 8 5
9 2 5 6 10 3 1 8 4 7
10 3 2 4 6 8 1 5 9 7
9 2 1 7 10 8 5 4 3 6
7 9 3 2 4 8 5 10 6 1
6 4 5 2 9 8 10 3 1 7
9 1 5 8 10 4 6 3 7 2
1 10 5 7 3 9 4 2 8 6
8 9 3 10 1 7 4 2 6 5
3 8 1 10 4 5 2 7 9 6
2 4 7 6 9 10 3 8 5 1
1 5 3 4 7 10 6 2 9 8
9 3 2 5 7 6 4 1 8 10
10 6 9 4 7 5 8 1 2 3
10 5 2 1 3 4 8 7 9 6
6 4 5 8 10 7 9 3 1 2
7 8 2 9 6 1 10 5 4 3
2 10 8 3 1 9 5 4 6 7
8 5 6 3 2 4 9 7 1 10
1 6 7 3 9 4 2 10 8 5

10
St. Louis Rams
Chicago Bears
Jacksonville Jaguars
Seattle Seahawks
Baltimore Ravens
Cleveland Browns
Green Bay Packers
Atlanta Falcons
Philadelphia Eagles
New York Jets
9 3 6 5 4 7 2 8 1 10
8 2 4 5 3 6 9 10 7 1
4 9 1 2 10 6 3 7 8 5
9 5 4 6 10 8 7 3 2 1
10 8 7 3 2 6 4 1 9 5
4 8 2 1 7 5 3 9 6 10
2 8 5 1 4 10 7 6 9 3
8 10 4 2 1 7 6 5 9 3
7 4 1 6 9 10 2 3 8 5
1 3 5 7 2 6 8 9 4 10
7 4 8 6 2 3 10 1 9 5
7 10 9 2 1 4 6 8 5 3
8 9 4 2 6 3 5 1 7 10
5 4 10 3 1 9 2 7 8 6
5 10 6 9 8 1 3 2 7 4
1 9 5 3 8 4 10 2 7 6
4 1 6 7 8 3 9 2 5 10
2 7 3 1 5 8 6 4 9 10
3 1 4 9 5 10 8 6 7 2
7 8 9 4 5 10 1 2 6 3
9 3 1 6 5 8 7 10 4 2
4 1 7 9 5 8 3 10 2 6
3 4 1 6 10 9 2 8 7 5
6 3 9 1 7 5 2 4 10 8
2 9 4 7 5 8 6 1 10 3
8 4 3 1 5 9 7 2 10 6
8 4 2 9 5 7 3 6 1 10
7 9 6 3 2 5 4 8 10 1
9 5 4 6 10 8 7 3 2 1
5 7 6 2 4 10 3 9 1 8
7 4 8 2 5 10 9 3 6 1
2 5 3 7 4 1 6 9 10 8
3 6 10 5 2 9 7 8 1 4
6 9 10 4 8 3 2 5 7 1
10 4 6 2 5 8 9 1 3 7
8 5 3 9 6 2 4 10 7 1
3 2 9 8 10 5 7 4 1 6
9 4 8 2 6 7 10 1 5 3
3 9 10 6 8 2 4 1 5 7
9 2 5 1 7 4 8 6 10 3
9 8 5 7 2 6 10 3 1 4
1 4 6 7 9 2 10 3 5 8
9 10 8 2 1 6 7 4 5 3
9 1 6 3 7 5 2 10 8 4
7 6 8 3 5 4 1 2 10 9
2 5 1 7 3 8 4 6 9 10
2 3 6 5 4 9 1 8 7 10
10 5 8 9 2 4 7 6 1 3
7 8 4 5 10 3 9 6 2 1
9 4 10 2 7 1 3 5 8 6

10
Miami Dolphins
Buffalo Bills
San Fransisco 49ers
New York Giants
Philadelphia Eagles
Dallas Cowboys
New Orleans Saints
Arizona Cardinals
Seattle Seahawks
Chicago Bears
1 3 6 7 4 9 2 5 8 10
1 7 8 10 6 2 5 4 3 9
6 5 4 10 2 9 1 3 7 8
9 4 8 7 5 10 2 1 3 6
4 9 1 3 8 7 5 2 6 10
1 7 10 4 9 6 5 2 8 3
4 8 9 7 3 5 2 1 6 10
9 3 10 2 8 7 4 6 1 5
5 10 3 7 2 9 4 6 1 8
2 6 9 3 4 7 10 5 8 1
6 7 3 9 5 2 1 4 10 8
9 6 10 7 4 8 3 5 1 2
8 9 4 3 10 7 1 2 5 6
1 9 5 2 7 4 8 3 6 10
10 9 2 3 1 4 6 8 7 5
6 3 8 7 5 4 1 9 10 2
10 4 5 3 8 1 7 6 2 9
6 4 5 10 7 9 1 8 2 3
10 2 1 8 4 9 3 6 5 7
1 2 8 3 9 6 4 7 5 10
10 9 3 6 8 2 4 1 7 5
6 7 4 3 9 5 2 10 8 1
4 10 2 1 9 5 8 6 3 7
9 6 3 10 2 8 4 7 1 5
4 1 2 10 9 3 7 8 5 6
4 5 9 1 6 3 10 8 7 2
4 3 9 7 6 5 8 2 1 10
5 1 3 4 2 9 8 7 10 6
9 8 6 10 4 3 1 5 7 2
10 6 3 9 5 2 7 8 4 1
2 1 5 10 8 9 6 7 4 3
2 5 7 9 3 4 10 1 8 6
2 4 1 5 10 3 8 6 7 9
2 8 6 10 7 5 3 1 4 9
3 6 1 5 8 9 7 10 2 4
5 8 7 6 4 2 1 10 3 9
6 7 9 8 4 1 10 3 2 5
5 2 7 8 1 3 9 4 10 6
2 9 4 8 5 1 7 3 6 10
1 6 8 4 7 5 3 2 9 10
10 7 3 4 2 6 9 5 8 1
4 9 5 2 1 3 10 8 6 7
5 8 2 6 3 7 10 4 1 9
1 8 7 2 6 4 5 10 3 9
3 2 1 7 8 10 9 6 5 4
1 9 6 8 7 5 4 3 2 10
9 3 10 2 8 7 5 1 6 4
8 1 5 7 4 2 10 6 9 3
9 8 5 10 7 3 2 1 6 4
9 10 2 7 8 6 5 1 3 4

10
Pittsburgh Steelers
New York Giants
Dallas Cowboys
Philadelphia Eagles
Arizona Cardinals
Tennessee Titans
Green Bay Packers
Carolina Panthers
New York Jets
St. Louis Rams
10 6 4 1 9 5 3 8 7 2
7 2 8 6 10 9 5 3 1 4
7 8 5 1 2 4 9 3 10 6
1 8 2 6 9 4 7 10 5 3
5 6 10 9 4 7 2 8 3 1
9 8 7 5 3 2 4 1 6 10
5 3 1 9 4 8 10 6 2 7
1 6 10 8 9 7 4 3 2 5
3 4 7 2 1 8 10 6 9 5
10 6 4 8 2 9 3 1 7 5
10 5 7 6 3 1 2 9 4 8
6 1 3 2 10 9 5 8 4 7
9 2 5 10 4 6 7 8 3 1
6 10 2 9 1 4 3 5 8 7
7 4 6 2 3 9 5 1 8 10
8 1 5 2 7 10 9 6 4 3
4 9 1 10 7 8 5 2 3 6
7 3 2 8 9 1 5 10 4 6
2 10 8 5 1 4 3 9 6 7
1 8 2 5 7 4 10 6 3 9
6 7 3 10 1 4 5 8 2 9
10 7 8 9 1 3 4 2 6 5
9 3 5 4 6 1 7 8 2 10
3 6 8 10 2 4 1 9 7 5
6 3 5 10 8 1 2 4 7 9
7 3 2 10 5 6 4 9 8 1
1 4 6 2 8 5 7 3 9 10
7 3 8 9 2 4 6 1 10 5
1 7 4 6 5 9 2 3 10 8
5 4 2 3 9 10 6 7 8 1
4 5 1 2 6 3 7 8 9 10
10 6 3 9 8 2 7 4 5 1
5 6 1 4 10 8 9 3 2 7
5 1 6 7 4 8 3 2 9 10
1 9 10 5 7 6 2 4 8 3
3 6 8 9 4 2 7 5 10 1
2 1 8 3 10 6 4 9 7 5
7 4 1 3 2 10 6 9 8 5
5 1 6 8 4 10 7 3 9 2
8 6 7 9 4 1 10 3 5 2
5 1 8 10 9 7 3 2 6 4
7 3 10 8 9 1 4 6 5 2
7 5 6 1 3 9 4 8 2 10
8 7 1 4 3 2 9 10 6 5
1 10 2 3 8 9 7 6 4 5
7 8 3 5 6 1 4 2 10 9
4 3 5 1 7 6 10 2 9 8
3 8 9 5 2 7 6 1 4 10
3 5 1 2 8 9 6 4 10 7
7 8 1 9 10 4 3 2 5 6

10
Houston Texans
Detriot Lions
Denver Broncos
New England Patriots
Indianapolis Colts
Cincinnati Bengals
Minnesota Vikings
Atlanta Falcons
Dallas Cowboys
Buffalo Bills
9 8 10 3 6 7 4 1 2 5
8 4 9 3 2 5 7 10 1 6
8 5 10 9 7 3 6 4 1 2
9 7 2 10 6 1 5 4 3 8
9 7 10 4 8 5 2 1 6 3
5 8 10 9 4 1 6 2 7 3
6 4 2 7 9 5 1 3 8 10
6 1 4 8 7 3 5 10 2 9
9 8 3 2 10 1 6 5 7 4
4 8 1 9 2 5 6 10 3 7
3 8 10 9 5 1 6 4 7 2
6 9 1 3 4 8 10 2 5 7
5 4 1 10 8 2 7 6 9 3
6 2 10 7 5 9 3 1 4 8
3 5 1 9 10 6 4 8 2 7
5 10 8 6 2 9 7 1 4 3
7 5 8 1 9 3 10 2 4 6
1 9 4 8 5 3 2 7 6 10
9 8 6 7 1 4 5 2 10 3
7 2 6 9 3 10 8 1 4 5
1 4 6 2 7 9 10 8 3 5
5 4 9 10 2 1 3 8 6 7
8 10 3 5 9 4 1 6 7 2
9 5 8 7 1 10 3 6 2 4
5 3 8 10 9 7 2 1 4 6
5 9 8 6 3 7 1 4 2 10
1 9 6 8 4 10 2 3 7 5
4 3 2 5 10 7 6 9 8 1
5 4 7 3 1 6 10 2 9 8
3 7 4 8 1 2 9 10 5 6
10 7 9 6 8 2 4 5 1 3
2 7 4 1 10 9 3 8 6 5
10 3 5 6 9 2 8 7 1 4
6 4 5 3 2 9 1 10 8 7
1 2 7 8 3 9 6 10 4 5
6 2 3 9 10 5 8 1 7 4
10 6 7 1 2 9 8 5 4 3
4 5 10 8 3 9 1 6 7 2
9 3 5 6 10 1 4 8 2 7
10 8 4 3 7 5 2 9 1 6
1 4 8 7 6 5 9 10 3 2
9 3 4 1 10 2 8 6 7 5
3 4 5 10 6 7 8 9 2 1
5 7 10 3 9 8 6 2 4 1
8 1 10 3 5 4 6 7 2 9
5 9 7 10 6 4 1 3 2 8
1 10 2 5 7 6 3 9 4 8
10 3 6 5 8 1 7 4 9 2
2 6 1 5 10 9 8 4 7 3
5 7 8 4 6 10 1 9 2 3